filename,period,theme
FO-50-01499,50s,geboorte
FO-50-00390,50s,geboorte
FO-50-00754,50s,huwelijk
FO-50-01336,50s,huwelijk
FO-50-01430,50s,huwelijk
FO-50-01486,50s,huwelijk
FO-50-00828,50s,huwelijk
FO-50-01317,50s,huwelijk
FO-50-01322,50s,huwelijk
FO-50-01645,50s,huwelijk
FO-50-01658,50s,huwelijk
FO-50-01687,50s,huwelijk
FO-50-01689,50s,huwelijk
FO-50-01705,50s,huwelijk
FO-50-01741,50s,huwelijk
FO-50-00151,50s,sint
FO-50-00287,50s,sint
FO-50-00334,50s,sint
FO-50-00496,50s,sint
FO-50-00752,50s,sint
FO-50-00042,50s,sint
FO-50-01029,50s,sint
FO-50-01769,50s,sint
FO-50-01778,50s,sint
FO-50-01788,50s,sint
FO-50-01827,50s,sint
FO-50-01856,50s,sint
FO-50-00742,50s,speelgoed
FO-50-00239,50s,vakantie
FO-50-00895,50s,vakantie
FO-60-01036,60s,geboorte
FO-60-00664,60s,geboorte
FO-60-00052,60s,huwelijk
FO-60-00374,60s,huwelijk
FO-60-01068,60s,huwelijk
FO-60-01111,60s,huwelijk
FO-60-01194,60s,huwelijk
FO-60-01300,60s,huwelijk
FO-60-01303,60s,huwelijk
FO-60-01363,60s,huwelijk
FO-60-01413,60s,huwelijk
FO-60-01429,60s,huwelijk
FO-60-01437,60s,huwelijk
FO-60-00947,60s,huwelijk
FO-60-01026,60s,huwelijk
FO-60-01457,60s,huwelijk
FO-60-01467,60s,huwelijk
FO-60-01481,60s,huwelijk
FO-60-01500,60s,huwelijk
FO-60-01517,60s,huwelijk
FO-60-01531,60s,huwelijk
FO-60-01543,60s,huwelijk
FO-60-01551,60s,huwelijk
FO-60-01574,60s,huwelijk
FO-60-01594,60s,huwelijk
FO-60-00261,60s,speelgoed
FO-60-01791,60s,speelgoed
DIA-60-00055,60s,vakantie
DIA-60-00116,60s,vakantie
FO-60-00622,60s,vakantie